0.000000 0.000000 0.000000
-0.000221 0.000022 0.000013
0.000054 -0.000290 -0.000376
-0.000238 -0.000023 0.000196
0.000095 -0.000059 0.000188
0.000117 -0.000024 0.000199
-0.000277 -0.000272 -0.000596
-0.000034 -0.000208 0.000613
0.000501 -0.000167 0.000904
0.000269 -0.000229 0.000623
0.000253 0.000016 0.000717
-0.000374 -0.000262 0.000443
0.000159 -0.000090 0.000707
-0.000285 -0.000112 0.000163
0.001251 0.000037 0.002163
0.000803 -0.000290 0.000574
0.003199 0.000027 0.004091
0.005348 0.003050 0.075010
0.002551 0.001767 0.150453
0.002594 0.002439 0.361379
-0.000057 -0.000165 0.495942
0.001993 0.000096 0.734852
0.003131 0.001794 0.973318
0.003351 0.002895 1.089926
0.003083 0.004945 1.295818
-0.003188 0.001072 1.422845
0.000317 0.003722 1.642360
-0.009009 -0.000499 1.873344
0.001325 0.004149 2.091911
0.004106 0.006190 2.270019
-0.001139 0.006580 2.700659
0.001304 0.010480 3.166707
0.001347 0.009037 3.428716
0.009675 0.012424 3.962074
-0.001321 0.009223 4.575604
-0.000549 0.014320 4.935737
0.006667 0.020587 5.608690
0.009474 0.023289 5.955832
0.003999 0.016356 6.575945
0.029076 0.016009 7.193028
-0.001025 0.022154 7.622276
0.009868 0.021219 8.207139
0.011858 0.018320 8.486696
0.016162 0.016920 9.085090
0.005949 0.024357 9.448405
0.007126 0.026787 10.181799
0.006842 0.013770 10.861563
-0.000102 0.025301 11.358339
-0.002250 0.024479 12.101353
-0.005961 0.026571 12.579874
-0.020016 0.027048 13.351336
-0.015937 0.022748 13.742208
-0.027993 0.028082 14.500034
-0.037205 0.030335 14.963098
-0.036860 0.035177 15.896505
-0.036143 0.036851 16.471733
-0.034608 0.042460 17.404776
-0.040273 0.045972 18.378550
-0.034717 0.047270 18.908962
-0.043238 0.044505 20.072800
-0.086909 0.045635 21.168449
-0.048730 0.053139 21.858440
-0.055229 0.051983 22.977339
-0.057765 0.061915 23.500135
-0.078676 0.062530 24.532631
-0.089564 0.060185 25.539135
-0.098444 0.064242 26.094748
-0.093764 0.063132 27.018202
-0.098709 0.069213 27.913498
-0.112277 0.070960 28.396652
-0.013692 0.077801 29.326714
-0.096668 0.079660 29.911667
-0.046450 0.086501 30.732258
-0.070546 0.083403 31.598372
-0.062472 0.078644 32.369926
-0.095657 0.086480 32.799438
-0.075150 0.089671 33.421108
-0.071354 0.095134 34.039593
-0.074489 0.093252 34.628170
-0.074885 0.099567 34.978725
-0.073804 0.102844 35.678562
-0.072328 0.107606 36.366062
-0.078333 0.106462 36.735252
-0.078838 0.106035 37.499588
-0.085371 0.115355 38.281651
-0.080585 0.112138 38.728642
-0.095320 0.117088 39.582855
-0.092258 0.122419 40.323589
-0.098748 0.122018 40.711140
-0.097880 0.124750 41.406364
-0.105603 0.126509 42.155003
-0.108066 0.127850 42.531525
-0.096911 0.125508 43.274708
-0.067236 0.139115 44.016918
-0.074557 0.131918 44.779484
-0.095208 0.119456 45.462368
-0.082822 0.131583 45.924114
-0.108623 0.131559 46.609306
-0.097115 0.129609 47.397839
-0.088611 0.112567 48.068069
-0.027469 0.124844 48.694828
-0.044079 0.127920 49.485615
-0.044730 0.128775 50.388256
-0.056068 0.130218 51.307648
-0.075475 0.133197 51.879612
-0.085411 0.133399 52.932682
-0.087231 0.131415 53.945030
-0.101133 0.135468 54.479294
-0.103683 0.135812 55.488628
-0.116630 0.136580 56.512875
-0.112843 0.142997 57.496578
-0.122289 0.139260 57.996807
-0.122876 0.135048 58.903706
-0.121229 0.134742 59.798725
-0.126731 0.139815 60.689331
-0.148265 0.146129 61.607544
-0.149966 0.149156 62.071442
-0.148159 0.142857 62.996284
-0.154734 0.146432 63.896255
-0.155911 0.148902 64.762474
-0.153485 0.146559 65.573975
-0.154845 0.140468 65.969833
-0.174057 0.140031 66.738823
-0.182220 0.138971 67.484085
-0.180543 0.134492 68.136986
-0.185883 0.139318 68.779129
-0.179903 0.134571 69.171227
-0.185885 0.126992 69.845612
-0.194180 0.136350 70.515984
-0.202240 0.129651 71.215378
-0.164242 0.110780 71.921837
-0.186656 0.126717 72.359062
-0.187601 0.122693 73.119759
-0.185378 0.116253 74.029434
-0.192908 0.114852 74.784241
-0.164905 0.102498 75.489212
-0.185938 0.095138 75.899696
-0.194425 0.094394 76.554604
-0.185329 0.092596 77.321922
-0.165102 0.089700 78.038910
-0.200618 0.094305 78.451538
-0.200926 0.086007 79.196014
-0.199933 0.084548 79.917397
-0.207411 0.077213 80.650383
-0.204741 0.078281 81.351112
-0.216158 0.071978 82.106247
-0.228163 0.067113 82.902344
-0.180191 0.057303 83.577682
-0.228236 0.056408 84.129723
-0.230130 0.050949 85.031036
-0.237440 0.046206 85.901642
-0.242065 0.045410 86.821762
-0.251568 0.045419 87.741478
-0.252935 0.044887 88.724121
-0.261984 0.037037 89.716148
-0.272673 0.027057 90.792671
-0.288459 0.025856 91.875572
-0.291859 0.003878 92.853760
-0.313165 0.014978 93.436417
-0.336808 0.002422 94.385559
-0.346809 0.003356 95.379883
-0.368331 -0.005314 96.436699
-0.383661 -0.004819 97.452606
-0.392484 -0.012379 98.420921
-0.406158 -0.019106 99.414619
-0.417564 -0.023352 100.370651
-0.430838 -0.030542 101.367485
-0.447678 -0.030151 102.292694
-0.456591 -0.035616 103.209976
-0.472300 -0.045093 104.356812
-0.478422 -0.037555 105.261536
-0.464496 -0.040238 105.990799
-0.483560 -0.054904 106.654381
-0.486457 -0.045878 107.067589
-0.488692 -0.063228 107.894661
-0.454705 -0.065907 108.435585
-0.454568 -0.061618 108.949890
-0.464772 -0.060364 109.407021
-0.453578 -0.064334 109.807388
-0.455237 -0.061338 110.240868
-0.453790 -0.063156 110.581352
